Imatest,24.2.6, Master, SFR
File,sports ball_55.0 mm_25600ISO_+1EV_Dist2_OFF_Defocus1.tiff
Run date,07-May-2025 11:58:31,,Build 2025-03-20
Description,
Path,/home/colourlabgpu4/Kimia/Thesis/Imatest/Dist2+55/Results/+1EV - Imatest Binning

Region,1,of,1,total

Cy/Pxl,LW/PH,MTF(nchan),MTF(R),MTF(G),MTF(B),MTF(Y)
0.0000,    0.00, 1.0000, 1.0000, 1.0000, 1.0000, 1.0000
0.0020,   16.47, 0.9946, 1.0031, 0.9931, 0.9888, 0.9946
0.0041,   32.93, 0.9584, 0.9753, 0.9548, 0.9512, 0.9584
0.0061,   49.40, 0.8873, 0.8858, 0.8884, 0.8824, 0.8873
0.0082,   65.86, 0.7906, 0.8094, 0.7839, 0.8141, 0.7906
0.0102,   82.33, 0.7046, 0.7353, 0.6970, 0.7045, 0.7046
0.0123,   98.79, 0.6283, 0.6901, 0.6220, 0.5409, 0.6283
0.0143,  115.26, 0.5309, 0.7499, 0.4822, 0.4666, 0.5309
0.0164,  131.73, 0.4139, 0.6146, 0.3689, 0.4343, 0.4139
0.0184,  148.19, 0.3242, 0.2839, 0.3407, 0.3424, 0.3242
0.0205,  164.66, 0.2907, 0.0941, 0.3534, 0.2159, 0.2907
0.0225,  181.12, 0.2459, 0.0979, 0.3082, 0.0535, 0.2459
0.0246,  197.59, 0.1487, 0.2661, 0.1393, 0.0938, 0.1487
0.0266,  214.05, 0.0815, 0.3479, 0.0494, 0.1429, 0.0815
0.0287,  230.52, 0.0467, 0.1900, 0.0760, 0.1827, 0.0467
0.0307,  246.99, 0.0683, 0.0873, 0.1090, 0.3762, 0.0683
0.0328,  263.45, 0.1262, 0.2618, 0.1394, 0.1878, 0.1262
0.0348,  279.92, 0.1254, 0.2719, 0.0930, 0.1080, 0.1254
0.0369,  296.38, 0.0378, 0.3678, 0.0720, 0.2359, 0.0378
0.0389,  312.85, 0.0160, 0.2528, 0.1091, 0.2510, 0.0160
0.0410,  329.32, 0.0836, 0.4267, 0.0496, 0.1402, 0.0836
0.0430,  345.78, 0.1162, 0.5389, 0.0716, 0.2012, 0.1162
0.0451,  362.25, 0.1310, 0.4142, 0.1405, 0.2395, 0.1310
0.0471,  378.71, 0.0450, 0.1488, 0.0983, 0.0822, 0.0450
0.0492,  395.18, 0.0911, 0.3338, 0.1656, 0.2273, 0.0911
0.0512,  411.64, 0.0260, 0.5441, 0.1675, 0.3091, 0.0260
0.0532,  428.11, 0.0320, 0.9289, 0.1966, 0.3131, 0.0320
0.0553,  444.58, 0.0368, 0.8772, 0.2421, 0.2493, 0.0368
0.0573,  461.04, 0.1314, 0.3275, 0.1747, 0.2485, 0.1314
0.0594,  477.51, 0.2053, 0.1830, 0.2654, 0.3614, 0.2053
0.0614,  493.97, 0.1376, 0.2108, 0.2074, 0.3898, 0.1376
0.0635,  510.44, 0.0884, 0.2557, 0.1780, 0.2363, 0.0884
0.0655,  526.90, 0.1995, 0.1195, 0.2589, 0.2125, 0.1995
0.0676,  543.37, 0.1130, 0.3352, 0.1431, 0.1888, 0.1130
0.0696,  559.84, 0.1273, 0.6343, 0.3527, 0.2620, 0.1273
0.0717,  576.30, 0.0472, 0.7840, 0.2599, 0.0987, 0.0472
0.0737,  592.77, 0.0334, 0.5554, 0.0838, 0.2091, 0.0334
0.0758,  609.23, 0.1070, 0.6886, 0.0495, 0.3494, 0.1070
0.0778,  625.70, 0.2157, 0.9067, 0.2477, 0.2926, 0.2157
0.0799,  642.16, 0.2462, 0.7735, 0.1250, 0.1624, 0.2462
0.0819,  658.63, 0.2003, 1.1284, 0.1122, 0.4180, 0.2003
0.0840,  675.10, 0.0785, 0.5678, 0.0665, 0.5662, 0.0785
0.0860,  691.56, 0.0815, 0.2262, 0.1178, 0.5246, 0.0815
0.0881,  708.03, 0.3267, 0.6313, 0.2796, 0.1484, 0.3267
0.0901,  724.49, 0.4449, 0.4240, 0.4893, 0.2504, 0.4449
0.0922,  740.96, 0.2691, 0.1359, 0.3133, 0.4492, 0.2691
0.0942,  757.42, 0.0467, 0.3685, 0.1487, 0.3727, 0.0467
0.0963,  773.89, 0.0963, 0.7870, 0.3186, 0.5257, 0.0963
0.0983,  790.36, 0.1360, 0.9465, 0.4118, 0.5440, 0.1360
0.1004,  806.82, 0.2798, 0.8037, 0.4031, 0.2593, 0.2798
0.1024,  823.29, 0.1809, 0.7874, 0.3318, 0.3898, 0.1809
0.1044,  839.75, 0.1219, 0.8736, 0.2781, 0.5317, 0.1219
0.1065,  856.22, 0.2325, 0.7327, 0.3641, 0.2933, 0.2325
0.1085,  872.69, 0.1479, 0.7124, 0.3431, 0.3546, 0.1479
0.1106,  889.15, 0.0518, 1.2437, 0.2725, 0.5924, 0.0518
0.1126,  905.62, 0.1518, 1.0236, 0.0959, 0.7528, 0.1518
0.1147,  922.08, 0.2581, 0.4400, 0.2792, 0.3998, 0.2581
0.1167,  938.55, 0.1416, 0.4917, 0.1333, 0.2249, 0.1416
0.1188,  955.01, 0.1951, 0.8395, 0.3500, 0.4839, 0.1951
0.1208,  971.48, 0.1991, 0.9527, 0.5551, 0.4319, 0.1991
0.1229,  987.95, 0.3917, 0.9953, 0.5245, 0.3229, 0.3917
0.1249, 1004.41, 0.2659, 0.6918, 0.2471, 0.5262, 0.2659
0.1270, 1020.88, 0.2509, 0.7194, 0.3897, 0.1556, 0.2509
0.1290, 1037.34, 0.3698, 0.7879, 0.4785, 0.4964, 0.3698
0.1311, 1053.81, 0.4934, 0.9638, 0.4882, 0.3110, 0.4934
0.1331, 1070.27, 0.3503, 1.5785, 0.1783, 0.3048, 0.3503
0.1352, 1086.74, 0.1752, 1.9783, 0.4737, 0.1896, 0.1752
0.1372, 1103.21, 0.2561, 0.9226, 0.3204, 0.1875, 0.2561
0.1393, 1119.67, 0.1911, 0.3716, 0.3535, 0.3165, 0.1911
0.1413, 1136.14, 0.0802, 0.3024, 0.0942, 0.4121, 0.0802
0.1434, 1152.60, 0.3754, 0.3309, 0.4854, 0.1524, 0.3754
0.1454, 1169.07, 0.2903, 0.5371, 0.3708, 0.3860, 0.2903
0.1475, 1185.53, 0.2411, 1.1252, 0.1451, 0.6067, 0.2411
0.1495, 1202.00, 0.5233, 1.7930, 0.3078, 0.3416, 0.5233
0.1516, 1218.47, 0.4893, 1.0961, 0.4126, 0.4165, 0.4893
0.1536, 1234.93, 0.3640, 0.7434, 0.3582, 0.2813, 0.3640
0.1556, 1251.40, 0.2086, 0.7327, 0.1862, 0.3685, 0.2086
0.1577, 1267.86, 0.2780, 0.3850, 0.4458, 0.1973, 0.2780
0.1597, 1284.33, 0.2762, 0.6238, 0.4921, 0.2205, 0.2762
0.1618, 1300.79, 0.2767, 0.6556, 0.4506, 0.2567, 0.2767
0.1638, 1317.26, 0.2553, 0.7170, 0.2775, 0.1110, 0.2553
0.1659, 1333.73, 0.3530, 0.9785, 0.4504, 0.0211, 0.3530
0.1679, 1350.19, 0.3619, 1.2195, 0.5589, 0.0357, 0.3619
0.1700, 1366.66, 0.2077, 0.8618, 0.2394, 0.3256, 0.2077
0.1720, 1383.12, 0.2817, 0.0785, 0.4033, 0.5058, 0.2817
0.1741, 1399.59, 0.2871, 0.5097, 0.4182, 0.3860, 0.2871
0.1761, 1416.06, 0.1660, 0.5272, 0.1060, 0.2340, 0.1660
0.1782, 1432.52, 0.1254, 0.5922, 0.0387, 0.3544, 0.1254
0.1802, 1448.99, 0.0843, 0.8123, 0.1052, 0.5562, 0.0843
0.1823, 1465.45, 0.0480, 0.5433, 0.1251, 0.4182, 0.0480
0.1843, 1481.92, 0.4119, 0.4200, 0.4924, 0.0772, 0.4119
0.1864, 1498.38, 0.6191, 0.9286, 0.6346, 0.1420, 0.6191
0.1884, 1514.85, 0.3561, 0.7647, 0.4040, 0.2924, 0.3561
0.1905, 1531.32, 0.1961, 0.7567, 0.3267, 0.5019, 0.1961
0.1925, 1547.78, 0.2473, 0.9412, 0.1909, 0.5169, 0.2473
0.1946, 1564.25, 0.2520, 0.4776, 0.2667, 0.4432, 0.2520
0.1966, 1580.71, 0.2549, 0.4542, 0.3713, 0.3819, 0.2549
0.1987, 1597.18, 0.1262, 0.2686, 0.2723, 0.4170, 0.1262
0.2007, 1613.64, 0.0481, 0.7642, 0.2713, 0.4571, 0.0481
0.2028, 1630.11, 0.1994, 0.1804, 0.3060, 0.1831, 0.1994
0.2048, 1646.58, 0.0849, 0.1853, 0.0930, 0.0474, 0.0849
0.2068, 1663.04, 0.4806, 0.4372, 0.6035, 0.2405, 0.4806
0.2089, 1679.51, 0.5844, 0.7090, 0.6826, 0.2847, 0.5844
0.2109, 1695.97, 0.5970, 1.2571, 0.5224, 0.5123, 0.5970
0.2130, 1712.44, 0.4994, 1.6877, 0.3091, 0.0706, 0.4994
0.2150, 1728.90, 0.3124, 1.2647, 0.1760, 0.1786, 0.3124
0.2171, 1745.37, 0.4554, 0.3910, 0.5897, 0.4318, 0.4554
0.2191, 1761.84, 0.4740, 0.4958, 0.5589, 0.5586, 0.4740
0.2212, 1778.30, 0.1939, 0.1708, 0.2108, 0.5990, 0.1939
0.2232, 1794.77, 0.3399, 0.4930, 0.3505, 0.1728, 0.3399
0.2253, 1811.23, 0.4851, 0.6755, 0.5209, 0.4225, 0.4851
0.2273, 1827.70, 0.1055, 0.6258, 0.0835, 0.4791, 0.1055
0.2294, 1844.16, 0.1754, 0.7746, 0.0422, 0.0318, 0.1754
0.2314, 1860.63, 0.0391, 0.3855, 0.1525, 0.0897, 0.0391
0.2335, 1877.10, 0.3650, 0.3937, 0.3913, 0.1603, 0.3650
0.2355, 1893.56, 0.4845, 0.6606, 0.4781, 0.5648, 0.4845
0.2376, 1910.03, 0.4145, 0.2638, 0.4144, 1.0512, 0.4145
0.2396, 1926.49, 0.4255, 0.2382, 0.4343, 0.9479, 0.4255
0.2417, 1942.96, 0.6316, 0.6166, 0.6435, 0.5583, 0.6316
0.2437, 1959.43, 0.6671, 0.6296, 0.7087, 0.4686, 0.6671
0.2458, 1975.89, 0.4229, 0.2871, 0.4880, 0.4074, 0.4229
0.2478, 1992.36, 0.4185, 0.4860, 0.4657, 0.0815, 0.4185
0.2499, 2008.82, 0.3805, 0.6886, 0.3805, 0.6084, 0.3805
0.2519, 2025.29, 0.2771, 0.6168, 0.3084, 0.8004, 0.2771
0.2539, 2041.75, 0.3866, 0.4156, 0.4201, 0.5521, 0.3866
0.2560, 2058.22, 0.4314, 0.4222, 0.5333, 0.2258, 0.4314
0.2580, 2074.69, 0.0436, 0.2962, 0.1451, 0.8699, 0.0436
0.2601, 2091.15, 0.1575, 0.2423, 0.2613, 0.5869, 0.1575
0.2621, 2107.62, 0.2421, 0.2678, 0.3186, 0.2641, 0.2421
0.2642, 2124.08, 0.3428, 0.2135, 0.4172, 0.6337, 0.3428
0.2662, 2140.55, 0.6621, 0.9556, 0.6513, 0.6497, 0.6621
0.2683, 2157.01, 0.7098, 1.3730, 0.6419, 0.0823, 0.7098
0.2703, 2173.48, 0.5486, 1.1041, 0.5996, 0.6684, 0.5486
0.2724, 2189.95, 0.5124, 0.4957, 0.7002, 0.3606, 0.5124
0.2744, 2206.41, 0.7164, 0.7367, 0.7711, 0.5341, 0.7164
0.2765, 2222.88, 0.3761, 0.6944, 0.3266, 0.2151, 0.3761
0.2785, 2239.34, 0.2691, 0.2307, 0.3150, 0.3600, 0.2691
0.2806, 2255.81, 0.5536, 0.5528, 0.6120, 0.5654, 0.5536
0.2826, 2272.27, 0.4242, 0.3752, 0.5011, 0.1307, 0.4242
0.2847, 2288.74, 0.2279, 0.2769, 0.1750, 0.8091, 0.2279
0.2867, 2305.21, 0.7369, 0.6629, 0.7347, 0.9718, 0.7369
0.2888, 2321.67, 0.4847, 0.5347, 0.4982, 0.4678, 0.4847
0.2908, 2338.14, 0.2130, 0.4570, 0.2491, 0.5743, 0.2130
0.2929, 2354.60, 0.2999, 0.4276, 0.3280, 0.4487, 0.2999
0.2949, 2371.07, 0.2325, 0.6750, 0.3155, 0.3612, 0.2325
0.2970, 2387.53, 0.0993, 0.4541, 0.1227, 0.4464, 0.0993
0.2990, 2404.00, 0.3819, 0.9786, 0.2744, 0.3986, 0.3819
0.3011, 2420.47, 0.7053, 1.4280, 0.6204, 0.3188, 0.7053
0.3031, 2436.93, 0.7385, 1.5258, 0.6321, 0.1817, 0.7385
0.3051, 2453.40, 0.6355, 0.9741, 0.6300, 0.2423, 0.6355
0.3072, 2469.86, 0.3263, 0.3767, 0.4085, 0.2758, 0.3263
0.3092, 2486.33, 0.2005, 0.3143, 0.2074, 0.2590, 0.2005
0.3113, 2502.80, 0.1504, 0.4250, 0.1364, 0.3466, 0.1504
0.3133, 2519.26, 0.3755, 0.5836, 0.2875, 0.8829, 0.3755
0.3154, 2535.73, 0.4171, 0.4564, 0.4044, 0.8042, 0.4171
0.3174, 2552.19, 0.2224, 0.3864, 0.2585, 0.6415, 0.2224
0.3195, 2568.66, 0.1492, 0.1085, 0.1656, 0.4503, 0.1492
0.3215, 2585.12, 0.6146, 0.6510, 0.6509, 0.4335, 0.6146
0.3236, 2601.59, 0.8829, 0.8571, 0.9717, 0.5198, 0.8829
0.3256, 2618.06, 1.0410, 1.5278, 1.0372, 0.2286, 1.0410
0.3277, 2634.52, 0.9341, 1.2075, 0.9340, 0.3334, 0.9341
0.3297, 2650.99, 0.2530, 0.4712, 0.2186, 0.1488, 0.2530
0.3318, 2667.45, 0.2317, 0.4234, 0.2503, 0.3095, 0.2317
0.3338, 2683.92, 0.1677, 0.5981, 0.0977, 0.5926, 0.1677
0.3359, 2700.38, 0.1898, 0.5493, 0.2500, 0.2769, 0.1898
0.3379, 2716.85, 0.4665, 0.8642, 0.3722, 0.5285, 0.4665
0.3400, 2733.32, 0.6229, 1.3616, 0.4656, 0.4950, 0.6229
0.3420, 2749.78, 0.5265, 1.4653, 0.2999, 0.5155, 0.5265
0.3441, 2766.25, 0.2068, 0.9955, 0.1119, 0.4576, 0.2068
0.3461, 2782.71, 0.2566, 0.4342, 0.3473, 0.6416, 0.2566
0.3482, 2799.18, 0.2603, 0.3331, 0.2686, 0.3439, 0.2603
0.3502, 2815.64, 0.1769, 0.5766, 0.1091, 0.2261, 0.1769
0.3523, 2832.11, 0.3297, 0.3769, 0.3733, 0.2848, 0.3297
0.3543, 2848.58, 0.4047, 0.4371, 0.4056, 0.8556, 0.4047
0.3563, 2865.04, 0.6474, 0.9982, 0.5967, 0.6872, 0.6474
0.3584, 2881.51, 0.4688, 0.4709, 0.4817, 0.4771, 0.4688
0.3604, 2897.97, 0.4846, 0.4637, 0.5220, 0.3203, 0.4846
0.3625, 2914.44, 0.6101, 0.4516, 0.7116, 0.0743, 0.6101
0.3645, 2930.90, 0.4900, 0.4196, 0.5715, 0.1232, 0.4900
0.3666, 2947.37, 0.2053, 0.1952, 0.2554, 0.4310, 0.2053
0.3686, 2963.84, 0.2207, 0.1873, 0.2125, 0.5266, 0.2207
0.3707, 2980.30, 0.2654, 0.1816, 0.2651, 0.6283, 0.2654
0.3727, 2996.77, 0.3441, 0.1306, 0.3556, 0.8497, 0.3441
0.3748, 3013.23, 0.4873, 0.4623, 0.4669, 0.8983, 0.4873
0.3768, 3029.70, 0.3418, 0.2454, 0.3393, 0.7124, 0.3418
0.3789, 3046.17, 0.3032, 0.4230, 0.2909, 0.8340, 0.3032
0.3809, 3062.63, 0.6175, 0.9342, 0.6551, 0.5455, 0.6175
0.3830, 3079.10, 0.4771, 0.9423, 0.4419, 0.3845, 0.4771
0.3850, 3095.56, 0.3932, 0.3036, 0.4466, 0.6223, 0.3932
0.3871, 3112.03, 0.5142, 0.3433, 0.5517, 0.6234, 0.5142
0.3891, 3128.49, 0.3754, 0.4514, 0.4078, 0.3442, 0.3754
0.3912, 3144.96, 0.6807, 1.1085, 0.6300, 0.3419, 0.6807
0.3932, 3161.43, 0.5929, 0.9497, 0.6048, 0.5923, 0.5929
0.3953, 3177.89, 0.5680, 0.3706, 0.6412, 0.9165, 0.5680
0.3973, 3194.36, 0.2016, 0.4323, 0.1645, 0.4002, 0.2016
0.3994, 3210.82, 0.3181, 0.3714, 0.2950, 0.6066, 0.3181
0.4014, 3227.29, 0.3493, 0.4977, 0.3626, 0.5446, 0.3493
0.4035, 3243.75, 0.3663, 0.5307, 0.3532, 0.1008, 0.3663
0.4055, 3260.22, 0.5741, 0.5834, 0.5932, 0.5881, 0.5741
0.4075, 3276.69, 0.4080, 0.4413, 0.4467, 0.3175, 0.4080
0.4096, 3293.15, 0.1655, 0.2805, 0.1201, 0.3766, 0.1655
0.4116, 3309.62, 0.4459, 0.6492, 0.3989, 0.4706, 0.4459
0.4137, 3326.08, 0.1560, 0.1229, 0.1465, 0.3716, 0.1560
0.4157, 3342.55, 0.1235, 0.1598, 0.1524, 0.2581, 0.1235
0.4178, 3359.01, 0.1372, 0.1144, 0.1778, 0.2264, 0.1372
0.4198, 3375.48, 0.4756, 0.5465, 0.4875, 0.2264, 0.4756
0.4219, 3391.95, 0.5372, 0.4781, 0.5816, 0.4011, 0.5372
0.4239, 3408.41, 0.5745, 0.6548, 0.5659, 0.7615, 0.5745
0.4260, 3424.88, 0.4507, 0.4918, 0.3960, 0.9130, 0.4507
0.4280, 3441.34, 0.7733, 0.8630, 0.7310, 1.0215, 0.7733
0.4301, 3457.81, 0.4042, 0.3959, 0.3930, 0.7403, 0.4042
0.4321, 3474.27, 0.6262, 0.4316, 0.7401, 0.1403, 0.6262
0.4342, 3490.74, 0.5067, 0.2432, 0.6224, 0.2778, 0.5067
0.4362, 3507.21, 0.1953, 0.4101, 0.1842, 0.2528, 0.1953
0.4383, 3523.67, 0.4682, 0.4491, 0.4975, 0.5762, 0.4682
0.4403, 3540.14, 0.8583, 0.8331, 0.8773, 0.7886, 0.8583
0.4424, 3556.60, 0.3093, 0.4989, 0.2864, 0.1377, 0.3093
0.4444, 3573.07, 0.1656, 0.4639, 0.1619, 0.0886, 0.1656
0.4465, 3589.54, 0.2670, 0.8361, 0.1478, 0.0624, 0.2670
0.4485, 3606.00, 0.2148, 0.7732, 0.1199, 0.2069, 0.2148
0.4506, 3622.47, 0.3526, 0.3267, 0.4035, 0.1059, 0.3526
0.4526, 3638.93, 0.6298, 0.7551, 0.6279, 0.4419, 0.6298
0.4547, 3655.40, 0.2809, 0.4441, 0.2541, 0.3279, 0.2809
0.4567, 3671.86, 0.2234, 0.4345, 0.1976, 0.0524, 0.2234
0.4587, 3688.33, 0.2839, 0.4276, 0.2823, 0.3290, 0.2839
0.4608, 3704.80, 0.2648, 0.1962, 0.2761, 0.4928, 0.2648
0.4628, 3721.26, 0.5150, 0.6051, 0.4934, 0.6073, 0.5150
0.4649, 3737.73, 0.6262, 0.6783, 0.5994, 0.7601, 0.6262
0.4669, 3754.19, 0.5701, 0.4248, 0.5731, 0.9064, 0.5701
0.4690, 3770.66, 0.3008, 0.0235, 0.3372, 0.7235, 0.3008
0.4710, 3787.12, 0.1474, 0.1185, 0.1409, 0.3360, 0.1474
0.4731, 3803.59, 0.2797, 0.3068, 0.2682, 0.7004, 0.2797
0.4751, 3820.06, 0.5115, 0.6511, 0.4894, 1.0174, 0.5115
0.4772, 3836.52, 0.2891, 0.2928, 0.3373, 0.5973, 0.2891
0.4792, 3852.99, 0.3463, 0.3928, 0.3596, 0.1831, 0.3463
0.4813, 3869.45, 0.3931, 0.5896, 0.3771, 0.3083, 0.3931
0.4833, 3885.92, 0.3653, 0.1712, 0.4221, 0.5005, 0.3653
0.4854, 3902.38, 0.7716, 0.6492, 0.8189, 0.6230, 0.7716
0.4874, 3918.85, 0.8282, 1.2511, 0.7800, 0.3271, 0.8282
0.4895, 3935.32, 0.7393, 1.1186, 0.7215, 0.6228, 0.7393
0.4915, 3951.78, 0.8473, 1.1435, 0.8177, 0.6634, 0.8473
0.4936, 3968.25, 0.8830, 0.9184, 0.8957, 0.6932, 0.8830
0.4956, 3984.71, 0.7984, 0.6203, 0.8626, 0.6682, 0.7984
0.4977, 4001.18, 0.7728, 0.6040, 0.8408, 0.7373, 0.7728
0.4997, 4017.64, 0.4617, 0.2429, 0.5281, 0.8021, 0.4617
0.5018, 4034.11, 0.4126, 0.7257, 0.3975, 0.4350, 0.4126
0.5038, 4050.58, 0.8143, 1.0736, 0.8127, 0.3622, 0.8143
0.5059, 4067.04, 0.0768, 0.1566, 0.0991, 0.2227, 0.0768
0.5079, 4083.51, 1.0528, 0.6941, 1.1854, 0.8496, 1.0528
0.5099, 4099.97, 0.9837, 0.8351, 1.0826, 0.9190, 0.9837
0.5120, 4116.44, 1.0057, 0.8741, 1.0501, 0.9408, 1.0057
0.5140, 4132.91, 0.4237, 0.1320, 0.4754, 0.7648, 0.4237
0.5161, 4149.37, 0.1842, 0.4962, 0.1583, 0.3630, 0.1842
0.5181, 4165.84, 0.1984, 0.5364, 0.1443, 0.1765, 0.1984
0.5202, 4182.30, 0.4518, 0.4244, 0.4713, 0.3476, 0.4518
0.5222, 4198.77, 0.8691, 1.1316, 0.8326, 0.6004, 0.8691
0.5243, 4215.23, 0.4865, 0.6143, 0.4741, 0.4202, 0.4865
0.5263, 4231.70, 0.4281, 0.2906, 0.4637, 0.4491, 0.4281
0.5284, 4248.17, 0.4726, 0.4092, 0.4993, 0.4726, 0.4726
0.5304, 4264.63, 0.2275, 0.2934, 0.2468, 0.3186, 0.2275
0.5325, 4281.10, 0.2762, 0.2716, 0.2689, 0.5401, 0.2762
0.5345, 4297.56, 0.7815, 0.7853, 0.7702, 0.9071, 0.7815
0.5366, 4314.03, 0.7946, 0.8771, 0.8122, 0.6448, 0.7946
0.5386, 4330.49, 1.3525, 1.4670, 1.4104, 0.6148, 1.3525
0.5407, 4346.96, 1.6048, 1.9364, 1.6118, 0.9226, 1.6048
0.5427, 4363.43, 1.2332, 1.4278, 1.2666, 0.7160, 1.2332
0.5448, 4379.89, 1.0531, 0.9854, 1.1506, 0.7487, 1.0531
0.5468, 4396.36, 0.9487, 0.8409, 1.0231, 0.7800, 0.9487
0.5489, 4412.82, 0.6197, 0.4696, 0.6713, 0.4996, 0.6197
0.5509, 4429.29, 0.7804, 0.7290, 0.8178, 0.7003, 0.7804
0.5530, 4445.75, 1.2169, 1.2355, 1.2495, 0.9917, 1.2169
0.5550, 4462.22, 0.6301, 0.5800, 0.6586, 0.6231, 0.6301
0.5571, 4478.69, 0.2190, 0.4022, 0.1870, 0.3575, 0.2190
0.5591, 4495.15, 0.0609, 0.0839, 0.0747, 0.1909, 0.0609
0.5611, 4511.62, 0.5319, 0.5356, 0.5681, 0.4763, 0.5319
0.5632, 4528.08, 0.8913, 0.8765, 0.9487, 0.6826, 0.8913
0.5652, 4544.55, 0.7405, 0.6525, 0.7972, 0.6443, 0.7405
0.5673, 4561.01, 0.2411, 0.4426, 0.2689, 0.2923, 0.2411
0.5693, 4577.48, 0.2147, 0.6506, 0.1363, 0.4497, 0.2147
0.5714, 4593.95, 0.9158, 1.1313, 0.8760, 1.0825, 0.9158
0.5734, 4610.41, 1.2316, 1.2905, 1.2445, 0.9696, 1.2316
0.5755, 4626.88, 0.7134, 0.5945, 0.7650, 0.8379, 0.7134
0.5775, 4643.34, 0.1378, 0.7765, 0.3124, 0.8120, 0.1378
0.5796, 4659.81, 0.6241, 1.6757, 0.4124, 0.3349, 0.6241
0.5816, 4676.28, 0.5598, 1.0906, 0.4735, 0.2866, 0.5598
0.5837, 4692.74, 0.3004, 0.3896, 0.2918, 0.2593, 0.3004
0.5857, 4709.21, 0.5667, 0.1809, 0.6379, 0.8802, 0.5667
0.5878, 4725.67, 0.5535, 0.4108, 0.6158, 0.3351, 0.5535
0.5898, 4742.14, 0.8547, 1.2546, 0.8511, 0.3045, 0.8547
0.5919, 4758.60, 1.0666, 1.6396, 1.0323, 0.2059, 1.0666
0.5939, 4775.07, 1.1150, 1.4059, 1.0470, 1.1130, 1.1150
0.5960, 4791.54, 0.7357, 0.6674, 0.7403, 0.9469, 0.7357
0.5980, 4808.00, 0.3475, 0.9067, 0.2222, 0.2227, 0.3475
0.6001, 4824.47, 0.2528, 0.7374, 0.2009, 0.0974, 0.2528
0.6021, 4840.93, 0.6420, 0.4491, 0.7543, 0.8397, 0.6420
0.6042, 4857.40, 0.7356, 0.9052, 0.8735, 0.4977, 0.7356
0.6062, 4873.86, 0.5164, 0.9678, 0.5480, 0.4361, 0.5164
0.6083, 4890.33, 0.3977, 0.6739, 0.3214, 0.4787, 0.3977
0.6103, 4906.80, 0.3087, 0.3974, 0.4490, 0.1091, 0.3087
0.6123, 4923.26, 0.1740, 0.7596, 0.0326, 0.3228, 0.1740
0.6144, 4939.73, 0.5283, 1.2278, 0.4357, 0.6010, 0.5283
0.6164, 4956.19, 0.1344, 0.8470, 0.2145, 1.0199, 0.1344
0.6185, 4972.66, 0.9781, 1.0297, 1.0200, 1.1775, 0.9781
0.6205, 4989.12, 0.8746, 1.0415, 0.8558, 0.9038, 0.8746
0.6226, 5005.59, 0.1619, 0.2441, 0.2305, 0.3060, 0.1619
0.6246, 5022.06, 0.8859, 0.2034, 1.1119, 0.3903, 0.8859
0.6267, 5038.52, 0.3895, 0.4059, 0.5773, 0.3753, 0.3895
0.6287, 5054.99, 0.8959, 1.0159, 0.9846, 0.7066, 0.8959
0.6308, 5071.45, 0.9540, 0.9298, 1.0076, 0.8811, 0.9540
0.6328, 5087.92, 0.8481, 0.8218, 0.9494, 1.0665, 0.8481
0.6349, 5104.38, 0.5458, 0.5395, 0.6392, 0.2543, 0.5458
0.6369, 5120.85, 0.8752, 1.5319, 0.7199, 0.8982, 0.8752
0.6390, 5137.32, 1.1923, 0.8496, 1.3409, 0.6012, 1.1923
0.6410, 5153.78, 1.2453, 1.7042, 1.2317, 1.0974, 1.2453
0.6431, 5170.25, 1.1588, 1.5731, 1.0047, 1.7172, 1.1588
0.6451, 5186.71, 0.4173, 0.5881, 0.3570, 1.0181, 0.4173
0.6472, 5203.18, 1.1178, 2.0000, 0.9071, 1.5298, 1.1178
0.6492, 5219.65, 0.7661, 1.6124, 0.5941, 1.2782, 0.7661
0.6513, 5236.11, 0.8290, 0.8259, 0.8280, 1.2384, 0.8290
0.6533, 5252.58, 1.3789, 1.1875, 1.4645, 1.1223, 1.3789
0.6554, 5269.04, 1.0999, 1.2932, 1.2907, 0.2974, 1.0999
0.6574, 5285.51, 0.2711, 1.9312, 0.6243, 0.4728, 0.2711
0.6594, 5301.97, 0.8621, 2.0000, 0.8447, 1.0540, 0.8621
0.6615, 5318.44, 1.7095, 1.8291, 1.7022, 1.9903, 1.7095
0.6635, 5334.91, 1.1187, 1.1092, 1.0809, 1.6883, 1.1187
0.6656, 5351.37, 0.2104, 0.5116, 0.2819, 0.7013, 0.2104
0.6676, 5367.84, 0.6529, 0.6371, 0.7854, 0.4658, 0.6529
0.6697, 5384.30, 0.2100, 0.6947, 0.2344, 0.8662, 0.2100
0.6717, 5400.77, 0.2782, 0.3022, 0.2908, 0.8680, 0.2782
0.6738, 5417.23, 1.1335, 1.7143, 1.0271, 0.8936, 1.1335
0.6758, 5433.70, 1.5889, 2.0000, 1.4325, 0.9537, 1.5889
0.6779, 5450.17, 1.1317, 2.0000, 1.2901, 0.5100, 1.1317
0.6799, 5466.63, 0.5410, 1.7186, 0.5835, 0.3796, 0.5410
0.6820, 5483.10, 0.6671, 0.5232, 0.7629, 0.8169, 0.6671
0.6840, 5499.56, 1.9568, 1.7504, 2.0000, 0.9515, 1.9568
0.6861, 5516.03, 1.5550, 0.6882, 1.8021, 1.4172, 1.5550
0.6881, 5532.49, 1.1190, 0.6323, 1.4166, 1.0650, 1.1190
0.6902, 5548.96, 1.6618, 1.8716, 1.8088, 0.2273, 1.6618
0.6922, 5565.43, 1.7607, 1.9230, 1.8024, 1.1089, 1.7607
0.6943, 5581.89, 1.5287, 1.8299, 1.3961, 2.0000, 1.5287
0.6963, 5598.36, 0.8676, 1.4373, 0.6543, 1.6840, 0.8676
0.6984, 5614.82, 0.7898, 2.0000, 0.6221, 1.1689, 0.7898
0.7004, 5631.29, 1.4514, 2.0000, 1.1420, 1.4294, 1.4514
0.7025, 5647.75, 1.2991, 1.8611, 1.4143, 0.5494, 1.2991
0.7045, 5664.22, 1.4479, 1.7166, 1.5437, 0.5230, 1.4479
0.7066, 5680.69, 1.6714, 2.0000, 1.5972, 0.4384, 1.6714
0.7086, 5697.15, 1.5981, 2.0000, 1.5383, 0.8280, 1.5981
0.7106, 5713.62, 1.2183, 2.0000, 1.3687, 1.4432, 1.2183
0.7127, 5730.08, 0.6166, 1.7142, 0.8668, 0.7343, 0.6166
0.7147, 5746.55, 0.4374, 0.0404, 0.6028, 0.5769, 0.4374
0.7168, 5763.02, 0.2331, 0.3949, 0.2540, 1.2555, 0.2331
0.7188, 5779.48, 1.1310, 1.8775, 1.0575, 0.4044, 1.1310
0.7209, 5795.95, 1.7514, 1.8116, 1.8127, 1.7377, 1.7514
0.7229, 5812.41, 1.7306, 2.0000, 1.7756, 0.7090, 1.7306
0.7250, 5828.88, 1.2590, 2.0000, 1.1091, 1.0712, 1.2590
0.7270, 5845.34, 0.5303, 1.7455, 0.3930, 1.2357, 0.5303
0.7291, 5861.81, 1.1364, 1.5292, 1.0863, 0.8651, 1.1364
0.7311, 5878.28, 1.1140, 1.2628, 1.1919, 0.4815, 1.1140
0.7332, 5894.74, 0.6586, 0.6946, 0.9492, 1.2154, 0.6586
0.7352, 5911.21, 1.2829, 1.4234, 1.9104, 0.5745, 1.2829
0.7373, 5927.67, 0.8455, 2.0000, 0.8769, 0.9173, 0.8455
0.7393, 5944.14, 1.3406, 2.0000, 0.8790, 1.0979, 1.3406
0.7414, 5960.60, 1.0148, 2.0000, 0.6804, 1.0747, 1.0148
0.7434, 5977.07, 0.3540, 1.2669, 0.2666, 1.6207, 0.3540
0.7455, 5993.54, 0.1905, 1.4901, 0.2143, 2.0000, 0.1905
0.7475, 6010.00, 0.5488, 1.6170, 0.5531, 2.0000, 0.5488
0.7496, 6026.47, 0.0813, 0.3515, 0.0106, 1.2551, 0.0813
0.7516, 6042.93, 0.7459, 0.8984, 0.6050, 2.0000, 0.7459
0.7537, 6059.40, 0.9143, 0.5570, 1.1411, 2.0000, 0.9143
0.7557, 6075.86, 1.7305, 0.6848, 2.0000, 1.4324, 1.7305
0.7578, 6092.33, 1.0568, 0.8915, 1.4951, 0.4809, 1.0568
0.7598, 6108.80, 0.2497, 0.4400, 0.5256, 0.9311, 0.2497
0.7618, 6125.26, 0.6663, 1.9036, 0.3388, 1.3178, 0.6663
0.7639, 6141.73, 0.9722, 0.8273, 1.0334, 1.7401, 0.9722
0.7659, 6158.19, 0.5529, 1.4032, 0.6304, 1.0088, 0.5529
0.7680, 6174.66, 0.9431, 1.2693, 0.9112, 1.3079, 0.9431
0.7700, 6191.12, 0.2300, 1.3546, 0.2655, 1.3266, 0.2300
0.7721, 6207.59, 0.7925, 2.0000, 0.5903, 0.5840, 0.7925
0.7741, 6224.06, 1.2092, 1.1609, 1.3690, 0.2535, 1.2092
0.7762, 6240.52, 1.0383, 1.4310, 1.1160, 1.3250, 1.0383
0.7782, 6256.99, 1.2316, 0.7628, 1.3271, 1.8962, 1.2316
0.7803, 6273.45, 0.7749, 0.7945, 1.2139, 1.1303, 0.7749
0.7823, 6289.92, 0.4104, 0.0069, 0.5367, 0.5420, 0.4104
0.7844, 6306.39, 1.3467, 0.9670, 1.6915, 0.2701, 1.3467
0.7864, 6322.85, 1.6998, 1.6882, 1.9034, 0.3216, 1.6998
0.7885, 6339.32, 1.1892, 1.9928, 1.1397, 0.5290, 1.1892
0.7905, 6355.78, 1.3290, 0.8543, 1.6627, 0.9507, 1.3290
0.7926, 6372.25, 0.9820, 1.4204, 1.7593, 0.7473, 0.9820
0.7946, 6388.71, 0.3445, 2.0000, 0.7958, 2.0000, 0.3445
0.7967, 6405.18, 0.4571, 1.1112, 0.6246, 2.0000, 0.4571
0.7987, 6421.65, 0.7625, 2.0000, 0.4740, 0.8995, 0.7625
0.8008, 6438.11, 0.6951, 1.6619, 1.0750, 2.0000, 0.6951
0.8028, 6454.58, 1.5600, 0.5375, 1.9988, 1.5377, 1.5600
0.8049, 6471.04, 2.0000, 2.0000, 1.9266, 1.8161, 2.0000
0.8069, 6487.51, 1.1581, 2.0000, 1.1284, 1.6969, 1.1581
0.8090, 6503.97, 1.6163, 0.2770, 2.0000, 2.0000, 1.6163
0.8110, 6520.44, 1.6046, 1.0862, 2.0000, 1.3793, 1.6046
0.8130, 6536.91, 2.0000, 1.8065, 2.0000, 1.6836, 2.0000
0.8151, 6553.37, 2.0000, 2.0000, 2.0000, 1.8713, 2.0000
0.8171, 6569.84, 2.0000, 1.1282, 2.0000, 0.6630, 2.0000
0.8192, 6586.30, 2.0000, 2.0000, 2.0000, 0.6964, 2.0000
0.8212, 6602.77, 1.2610, 2.0000, 2.0000, 0.4668, 1.2610
0.8233, 6619.23, 1.1575, 2.0000, 2.0000, 0.6857, 1.1575
0.8253, 6635.70, 1.5169, 0.7340, 2.0000, 1.4638, 1.5169
0.8274, 6652.17, 2.0000, 2.0000, 2.0000, 1.0769, 2.0000
0.8294, 6668.63, 2.0000, 2.0000, 2.0000, 0.1264, 2.0000
0.8315, 6685.10, 1.2500, 2.0000, 2.0000, 0.7650, 1.2500
0.8335, 6701.56, 0.1171, 2.0000, 0.6969, 1.3102, 0.1171
0.8356, 6718.03, 0.7904, 2.0000, 0.7655, 0.8073, 0.7904
0.8376, 6734.49, 0.6363, 2.0000, 0.7515, 2.0000, 0.6363
0.8397, 6750.96, 0.6635, 2.0000, 0.0961, 1.9440, 0.6635
0.8417, 6767.43, 1.7609, 2.0000, 1.4716, 1.6191, 1.7609
0.8438, 6783.89, 1.2615, 0.3753, 1.6119, 2.0000, 1.2615
0.8458, 6800.36, 1.8005, 2.0000, 2.0000, 2.0000, 1.8005
0.8479, 6816.82, 2.0000, 2.0000, 2.0000, 2.0000, 2.0000
0.8499, 6833.29, 1.7990, 1.6481, 2.0000, 1.8561, 1.7990
0.8520, 6849.76, 1.7624, 1.8080, 2.0000, 0.6211, 1.7624
0.8540, 6866.22, 0.5823, 2.0000, 1.7243, 2.0000, 0.5823
0.8561, 6882.69, 0.9263, 2.0000, 1.1078, 2.0000, 0.9263
0.8581, 6899.15, 1.2727, 2.0000, 1.7762, 1.3877, 1.2727
0.8602, 6915.62, 2.0000, 2.0000, 2.0000, 1.4624, 2.0000
0.8622, 6932.08, 2.0000, 2.0000, 2.0000, 1.6822, 2.0000
0.8642, 6948.55, 2.0000, 2.0000, 1.5100, 2.0000, 2.0000
0.8663, 6965.02, 1.7528, 2.0000, 1.2683, 2.0000, 1.7528
0.8683, 6981.48, 2.0000, 2.0000, 2.0000, 2.0000, 2.0000
0.8704, 6997.95, 2.0000, 2.0000, 1.9532, 2.0000, 2.0000
0.8724, 7014.41, 1.6295, 2.0000, 1.1734, 2.0000, 1.6295
0.8745, 7030.88, 2.0000, 0.9024, 2.0000, 2.0000, 2.0000
0.8765, 7047.34, 2.0000, 1.7095, 2.0000, 2.0000, 2.0000
0.8786, 7063.81, 1.1777, 0.3687, 1.4497, 2.0000, 1.1777
0.8806, 7080.28, 2.0000, 1.9096, 2.0000, 2.0000, 2.0000
0.8827, 7096.74, 2.0000, 2.0000, 2.0000, 2.0000, 2.0000
0.8847, 7113.21, 0.9339, 2.0000, 0.4885, 2.0000, 0.9339
0.8868, 7129.67, 0.0771, 2.0000, 0.9709, 2.0000, 0.0771
0.8888, 7146.14, 1.1219, 2.0000, 2.0000, 2.0000, 1.1219
0.8909, 7162.60, 1.7542, 2.0000, 2.0000, 2.0000, 1.7542
0.8929, 7179.07, 0.5672, 2.0000, 1.0111, 2.0000, 0.5672
0.8950, 7195.54, 0.8085, 2.0000, 0.8190, 2.0000, 0.8085
0.8970, 7212.00, 1.4954, 2.0000, 0.6602, 2.0000, 1.4954
0.8991, 7228.47, 0.5327, 2.0000, 1.1258, 2.0000, 0.5327
0.9011, 7244.93, 2.0000, 2.0000, 2.0000, 2.0000, 2.0000
0.9032, 7261.40, 1.8938, 2.0000, 2.0000, 2.0000, 1.8938
0.9052, 7277.86, 2.0000, 2.0000, 2.0000, 2.0000, 2.0000
0.9073, 7294.33, 1.2158, 2.0000, 2.0000, 2.0000, 1.2158
0.9093, 7310.80, 1.9885, 2.0000, 1.7047, 1.7454, 1.9885
0.9114, 7327.26, 2.0000, 2.0000, 2.0000, 1.5420, 2.0000
0.9134, 7343.73, 1.4358, 2.0000, 2.0000, 2.0000, 1.4358
0.9154, 7360.19, 0.8800, 2.0000, 0.7838, 2.0000, 0.8800
0.9175, 7376.66, 0.7094, 2.0000, 0.7630, 2.0000, 0.7094
0.9195, 7393.13, 2.0000, 2.0000, 2.0000, 2.0000, 2.0000
0.9216, 7409.59, 2.0000, 2.0000, 2.0000, 2.0000, 2.0000
0.9236, 7426.06, 1.7697, 2.0000, 1.8969, 2.0000, 1.7697
0.9257, 7442.52, 1.1061, 2.0000, 2.0000, 2.0000, 1.1061
0.9277, 7458.99, 0.7497, 2.0000, 0.6003, 2.0000, 0.7497
0.9298, 7475.45, 2.0000, 2.0000, 2.0000, 2.0000, 2.0000
0.9318, 7491.92, 2.0000, 2.0000, 2.0000, 2.0000, 2.0000
0.9339, 7508.39, 2.0000, 2.0000, 2.0000, 2.0000, 2.0000
0.9359, 7524.85, 2.0000, 2.0000, 2.0000, 2.0000, 2.0000
0.9380, 7541.32, 1.9356, 2.0000, 2.0000, 2.0000, 1.9356
0.9400, 7557.78, 2.0000, 0.8580, 2.0000, 2.0000, 2.0000
0.9421, 7574.25, 1.3753, 2.0000, 2.0000, 2.0000, 1.3753
0.9441, 7590.71, 0.2089, 2.0000, 1.0503, 2.0000, 0.2089
0.9462, 7607.18, 0.8805, 2.0000, 1.6806, 2.0000, 0.8805
0.9482, 7623.65, 0.4485, 1.4848, 0.1946, 1.3555, 0.4485
0.9503, 7640.11, 1.9823, 2.0000, 2.0000, 2.0000, 1.9823
0.9523, 7656.58, 2.0000, 2.0000, 2.0000, 2.0000, 2.0000
0.9544, 7673.04, 1.3819, 2.0000, 1.0610, 2.0000, 1.3819
0.9564, 7689.51, 1.1492, 2.0000, 1.2635, 2.0000, 1.1492
0.9585, 7705.97, 0.4018, 2.0000, 1.2131, 2.0000, 0.4018
0.9605, 7722.44, 1.5381, 2.0000, 1.3044, 2.0000, 1.5381
0.9626, 7738.91, 1.7689, 2.0000, 1.8448, 2.0000, 1.7689
0.9646, 7755.37, 0.5102, 1.0568, 0.8115, 2.0000, 0.5102
0.9666, 7771.84, 2.0000, 2.0000, 2.0000, 2.0000, 2.0000
0.9687, 7788.30, 2.0000, 1.8340, 2.0000, 2.0000, 2.0000
0.9707, 7804.77, 0.8436, 2.0000, 1.4753, 2.0000, 0.8436
0.9728, 7821.23, 0.6070, 2.0000, 2.0000, 2.0000, 0.6070
0.9748, 7837.70, 1.5967, 2.0000, 2.0000, 2.0000, 1.5967
0.9769, 7854.17, 0.2903, 2.0000, 2.0000, 2.0000, 0.2903
0.9789, 7870.63, 1.6975, 2.0000, 2.0000, 2.0000, 1.6975
0.9810, 7887.10, 2.0000, 2.0000, 2.0000, 1.3588, 2.0000
0.9830, 7903.56, 2.0000, 2.0000, 2.0000, 2.0000, 2.0000
0.9851, 7920.03, 2.0000, 2.0000, 2.0000, 1.3080, 2.0000
0.9871, 7936.50, 1.9691, 2.0000, 2.0000, 2.0000, 1.9691
0.9892, 7952.96, 1.5606, 2.0000, 2.0000, 2.0000, 1.5606
0.9912, 7969.43, 1.2469, 2.0000, 2.0000, 2.0000, 1.2469
0.9933, 7985.89, 1.1746, 2.0000, 2.0000, 0.8431, 1.1746
0.9953, 8002.36, 2.0000, 2.0000, 2.0000, 2.0000, 2.0000
0.9974, 8018.82, 2.0000, 2.0000, 2.0000, 2.0000, 2.0000
0.9994, 8035.29, 2.0000, 2.0000, 2.0000, 2.0000, 2.0000
,
Interpolated f and MTF, Region 1 of 1 total
freq(C/P),MTF(nchan),MTF(R),MTF(G),MTF(B),MTF(Y)
0.0000, 1.0000, 1.0000, 1.0000, 1.0000, 1.0000
0.0250, 0.1348, 0.2830, 0.1207, 0.1040, 0.1348
0.0500, 0.0641, 0.4209, 0.1664, 0.2612, 0.0641
0.0750, 0.0791, 0.6382, 0.0625, 0.2963, 0.0791
0.1000, 0.2552, 0.8282, 0.4046, 0.3081, 0.2552
0.1250, 0.2654, 0.6928, 0.2522, 0.5130, 0.2654
0.1500, 0.5151, 1.6237, 0.3333, 0.3598, 0.5151
0.1750, 0.2326, 0.5176, 0.2777, 0.3176, 0.2326
0.2000, 0.0749, 0.5943, 0.2716, 0.4434, 0.0749
0.2250, 0.4654, 0.6508, 0.4978, 0.3887, 0.4654
0.2500, 0.3731, 0.6835, 0.3754, 0.6221, 0.3731
0.2750, 0.6216, 0.7249, 0.6472, 0.4452, 0.6216
0.3000, 0.5390, 1.1970, 0.4425, 0.3598, 0.5390
0.3250, 0.9925, 1.3219, 1.0171, 0.3180, 0.9925
0.3500, 0.1852, 0.5523, 0.1250, 0.2379, 0.1852
0.3750, 0.4717, 0.4390, 0.4532, 0.8783, 0.4717
0.4000, 0.3279, 0.4111, 0.3163, 0.5871, 0.3279
0.4250, 0.5099, 0.5697, 0.4773, 0.8405, 0.5099
0.4500, 0.3152, 0.4478, 0.3265, 0.1333, 0.3152
0.4750, 0.4967, 0.6291, 0.4752, 0.9971, 0.4967
0.5000, 0.4547, 0.3120, 0.5094, 0.7496, 0.4547
0.5500, 0.7092, 0.6142, 0.7529, 0.6114, 0.7092
0.6000, 0.2555, 0.7422, 0.2015, 0.1010, 0.2555
0.6500, 0.7904, 1.3088, 0.6844, 1.2629, 0.7904
0.7000, 1.3192, 2.6576, 1.0381, 1.3773, 1.3192
0.7500, 0.2239, 0.4688, 0.1381, 1.4768, 0.2239
0.8000, 0.7201, 2.2802, 0.8519, 1.6103, 0.7201
0.8500, 1.7974, 1.6550, 2.3841, 1.8028, 1.7974
0.9000, 1.2070, 3.8026, 1.8925, 4.4218, 1.2070
0.9500, 1.7856, 5.0397, 3.6234, 4.0523, 1.7856
1.0000, 2.2310, 4.1300, 3.7208, 6.0805, 2.2310

Edge profile, Region 1 of 1 total
x (pixels),R Edge, G Edge, B Edge, Y Edge,CA (max Delta)
-19.97, 0.143, 0.143, 0.201, 0.148, 0.058
-19.47, 0.151, 0.125, 0.146, 0.132, 0.026
-18.97, 0.106, 0.123, 0.178, 0.124, 0.072
-18.47, 0.157, 0.185, 0.183, 0.179, 0.028
-17.97, 0.098, 0.180, 0.218, 0.167, 0.120
-17.47, 0.142, 0.202, 0.169, 0.188, 0.060
-16.98, 0.094, 0.233, 0.239, 0.205, 0.145
-16.48, 0.153, 0.222, 0.165, 0.203, 0.069
-15.98, 0.158, 0.288, 0.291, 0.263, 0.133
-15.48, 0.112, 0.235, 0.205, 0.208, 0.123
-14.98, 0.210, 0.259, 0.281, 0.251, 0.071
-14.48, 0.160, 0.266, 0.204, 0.240, 0.106
-13.98, 0.248, 0.263, 0.272, 0.261, 0.024
-13.48, 0.215, 0.309, 0.286, 0.288, 0.094
-12.98, 0.341, 0.378, 0.350, 0.369, 0.038
-12.48, 0.226, 0.278, 0.298, 0.269, 0.072
-11.98, 0.287, 0.366, 0.357, 0.349, 0.079
-11.48, 0.291, 0.354, 0.350, 0.341, 0.063
-10.98, 0.309, 0.430, 0.359, 0.400, 0.121
-10.48, 0.322, 0.345, 0.379, 0.343, 0.057
-9.99, 0.231, 0.402, 0.378, 0.366, 0.171
-9.49, 0.414, 0.412, 0.460, 0.417, 0.047
-8.99, 0.336, 0.497, 0.367, 0.454, 0.161
-8.49, 0.488, 0.388, 0.426, 0.412, 0.100
-7.99, 0.418, 0.541, 0.405, 0.505, 0.135
-7.49, 0.526, 0.453, 0.441, 0.466, 0.084
-6.99, 0.450, 0.536, 0.449, 0.511, 0.086
-6.49, 0.528, 0.427, 0.413, 0.446, 0.115
-5.99, 0.537, 0.569, 0.494, 0.556, 0.075
-5.49, 0.684, 0.514, 0.496, 0.547, 0.188
-4.99, 0.628, 0.604, 0.539, 0.603, 0.089
-4.49, 0.725, 0.533, 0.439, 0.563, 0.286
-3.99, 0.622, 0.668, 0.623, 0.655, 0.046
-3.49, 0.748, 0.565, 0.495, 0.595, 0.253
-3.00, 0.552, 0.622, 0.594, 0.606, 0.071
-2.50, 0.696, 0.560, 0.528, 0.585, 0.168
-2.00, 0.519, 0.674, 0.640, 0.640, 0.155
-1.50, 0.652, 0.648, 0.622, 0.647, 0.030
-1.00, 0.583, 0.724, 0.687, 0.693, 0.142
-0.50, 0.619, 0.681, 0.675, 0.668, 0.062
 0.00, 0.637, 0.744, 0.679, 0.717, 0.107
 0.50, 0.728, 0.734, 0.683, 0.728, 0.051
 1.00, 0.707, 0.804, 0.753, 0.780, 0.097
 1.50, 0.792, 0.764, 0.659, 0.761, 0.133
 2.00, 0.740, 0.798, 0.686, 0.777, 0.112
 2.50, 0.730, 0.720, 0.642, 0.715, 0.088
 3.00, 0.667, 0.847, 0.766, 0.804, 0.180
 3.49, 0.747, 0.765, 0.737, 0.759, 0.028
 3.99, 0.610, 0.879, 0.789, 0.818, 0.269
 4.49, 0.684, 0.802, 0.747, 0.774, 0.118
 4.99, 0.637, 0.882, 0.723, 0.820, 0.246
 5.49, 0.672, 0.859, 0.736, 0.811, 0.187
 5.99, 0.667, 0.888, 0.686, 0.827, 0.221
 6.49, 0.654, 0.885, 0.748, 0.827, 0.231
 6.99, 0.821, 0.960, 0.733, 0.913, 0.227
 7.49, 0.767, 0.964, 0.728, 0.905, 0.236
 7.99, 0.855, 0.920, 0.772, 0.895, 0.148
 8.49, 0.944, 0.975, 0.739, 0.949, 0.236
 8.99, 0.953, 0.943, 0.870, 0.939, 0.083
 9.49, 1.076, 0.938, 0.760, 0.951, 0.316
 9.99, 1.034, 0.902, 0.817, 0.921, 0.217
10.48, 1.035, 0.897, 0.817, 0.918, 0.218
10.98, 1.106, 1.012, 0.865, 1.018, 0.240
11.48, 1.026, 0.958, 0.827, 0.960, 0.200
11.98, 0.979, 0.968, 0.881, 0.963, 0.098
12.48, 0.999, 1.075, 0.872, 1.043, 0.204
12.98, 0.932, 0.928, 0.895, 0.926, 0.037
13.48, 0.870, 1.094, 0.865, 1.030, 0.229
13.98, 0.970, 0.995, 0.964, 0.987, 0.031
14.48, 0.938, 1.096, 0.877, 1.046, 0.218
14.98, 0.966, 1.028, 0.925, 1.007, 0.103
15.48, 0.991, 1.028, 0.886, 1.009, 0.142
15.98, 0.927, 1.029, 0.950, 1.002, 0.102
16.48, 0.912, 0.974, 0.886, 0.954, 0.088
16.98, 1.036, 1.051, 0.952, 1.040, 0.099
17.47, 0.955, 1.000, 0.883, 0.981, 0.117
17.97, 1.119, 1.040, 0.929, 1.046, 0.189
18.47, 1.013, 0.996, 0.923, 0.993, 0.089
18.97, 1.078, 0.979, 0.944, 0.996, 0.133
19.47, 1.045, 1.003, 0.960, 1.008, 0.085
19.97, 1.069, 0.989, 1.008, 1.006, 0.080
20.47, 1.098, 1.015, 0.954, 1.026, 0.145
20.97, 1.053, 1.049, 0.988, 1.044, 0.066
21.47, 1.060, 1.019, 0.955, 1.022, 0.104
21.97, 0.968, 1.061, 1.023, 1.039, 0.092
22.47, 0.994, 1.089, 0.968, 1.060, 0.121
22.97, 0.970, 1.049, 1.011, 1.030, 0.079
23.47, 0.981, 1.110, 0.926, 1.069, 0.184
23.96, 1.007, 1.091, 0.977, 1.065, 0.115
24.46, 0.994, 1.096, 0.955, 1.064, 0.141
24.96, 1.027, 1.125, 0.955, 1.091, 0.170
25.46, 0.974, 1.126, 0.957, 1.081, 0.169
25.96, 0.958, 1.092, 0.929, 1.052, 0.163
26.46, 0.953, 1.055, 0.948, 1.025, 0.106
26.96, 0.860, 1.064, 0.912, 1.010, 0.204
27.46, 1.047, 1.034, 0.955, 1.030, 0.091
27.96, 0.935, 1.121, 0.892, 1.065, 0.230
28.46, 1.096, 1.029, 0.943, 1.035, 0.153
28.96, 0.920, 1.086, 0.865, 1.034, 0.221
29.46, 1.164, 1.113, 1.052, 1.118, 0.112
29.96, 0.877, 0.982, 0.874, 0.952, 0.108

Level and noise analysis (pixel levels: gamma-encoded and linear) for ROI 1 of 1 total
Dark pixel level  ,   56.2
Light pixel level ,   95.8
Dark level linear , 0.0485
Light level linear,  0.141

Slice orientation,Horiz (V-edge),(Profile)
Image WxH & Mpxls,6024,4020,24.216
lens_to_chart_distance_cm, 205
ROI,17% right of ctr
ROI WxH pixels,489,563
ROI boundary L T R B,3382,1939,3870,2501
Edge center,3576.76773,2221.00000, pixels from upper-right
Edge angle,3.096
Channel,Y
Linearization method,Input gamma value
Gamma,0.500
Chart contrast,4
Pixels per inch,0.00000
Pixels per mm,0.0000
um per pixel,0.000
MTF50 Cy/pxl, 0.015
MTF50 LW/PH,   120
MTF50 Cy/Pxl, 0.015
MTF50P Cy/pxl, 0.329
MTF50P LW/PH,  2645
MTF50P Cy/Pxl, 0.329
MTF30 Cy/pxl, 0.020
MTF30 LW/PH,   160
MTF30 Cy/Pxl, 0.020
MTF30P Cy/pxl, 0.330
MTF30P LW/PH,  2650
MTF30P Cy/Pxl, 0.330
MTF20 Cy/pxl, 0.023
MTF20 LW/PH,   189
MTF20 Cy/Pxl, 0.023
MTF20P Cy/pxl, 0.333
MTF20P LW/PH,  2674
MTF20P Cy/Pxl, 0.333
MTF Area Pk Norml Cy/pxl, 0.170
MTF Area Pk Norml LW/PH,  1368
MTF Area Pk Norml Cy/Pxl, 0.170
MTF at Nyquist, 0.455
MTF50 Red Cy/pxl, 0.017
MTF50 Red Cy/Pxl, 0.017
MTF50 Green Cy/pxl, 0.014
MTF50 Green Cy/Pxl, 0.014
MTF50 Blue Cy/pxl, 0.013
MTF50 Blue Cy/Pxl, 0.013
Undersharpening %,24.021
MTF50,0.0149 Cy/Pxl,Secondary readout 
Rise 10-90 pxls,27.050
Rise 10-80 pxls,23.325
Rise 10-70 pxls,20.028
Rise 20-80 pxls,20.051
Rise 20-70 pxls,16.754
Rises 10-90 per PH,148.6129
Rises 10-80 per PH,172.3458
Rises 10-70 per PH,200.7198
Rises 20-80 per PH,200.4862
Rises 20-70 per PH,239.9430
R1090 Red pxls, 25.32
R1090 Green pxls, 26.06
R1090 Blue pxls, 36.14
R1090 Lum pxls, 27.05
Sharpening radius,NaN
Overshoot %,19.074
Undershoot %,7.244
Dk & lt lvls,56.163, 95.8242
Lt/dk,1.706
Chromatic Aberration Area (pxls), 3.899
CA Crossing (pxls), 2.675
CA Crossing R-G (pixels), -0.340,Horiz (V-edge)
CA Crossing B-G (pixels), -2.915,Horiz (V-edge)
ESFR Calculation Setting,Imatest 22.1 (recommended)
ESFR Apodization Function Setting,Tukey (Alpha = 1.0)
ESFR Edge Fit Order,5
ESFR Non-Uniformity Correction Setting,0
ESFR Modified Apodization Setting,1

Exif data
File Modification Date/Time     , 2025:04:22 20:52:48+02:00
Image Width                     , 6024
Image Height                    , 4020
